1 2 B B 5 B 7 B B
1 2 3 4 5 6 7 8 9 10 11 B 13 B 15
1 B B B 5 FB
1 2 3 B 5 B 7 B
1 2 3 4 5 6 7 8 9 10 11 12 13 14 15 16 17 18 19 20 21 22 B 24 25 26 27 28 29 30 31 32 33 34 35 36 37 38 39 40 41 42 43 44 B B
1 2 3 4 5 6 7 8 9 10 11 B 13 14 15 16 17 18 19 20 21 22 23 B 25 26 27 28 29 30 31 32 33 B 35 B 37 38 39 40 41 42 43 44 45 46 47 B 49 50 51 52 53 54 55 56 57 58 59 B 61 62 63 64 65 66 67 B 69 70 71 B 73 74 75 76 77 78 79 80 81 82 83 B 85 86 87 88 89
1 2 3 B 5 B 7 B 9 10 11 FB
1 2 3 4 B 6 7 8 9 FB 11 12
1 2 3 4 5 6 7 8 9 10 11 B 13 14 15 16 17 18 19 20 21 22 23 B 25 26 27 28 29 30 31 32 33 B 35 B 37 38 39 40
1 2 3 B 5 6 7 B 9 10 11 B 13 14 15 B 17 18 19 B 21 22 23 B 25 26 27 B 29 30 31 B 33 34 35 B 37 38 39 B 41 42 43 B 45 46 47 B 49 B 51
1 2 3 B B 6 7 B 9 B 11 B 13 14 B B 17 18 19 FB 21 22 23 B B 26 27 B 29 B 31 B 33 34 B B 37 38 39 FB 41 42 43 B B 46 47 B 49 B 51 B 53 54 B B 57 58 59 FB 61 62 63 B B 66 67 B 69 B 71 B 73 74 B B 77 78 79 FB 81 82 83 B B 86 87 B 89 B
1 2 3 B 5 6 7 B 9 B 11
1 2 3 4 5 6 7 B 9 10 B 12 13 14 15 B
1 2 3 B 5 6 7 B 9 10 B B 13
1 B 3 B B B 7 B 9 FB 11 B 13 B B B 17
1 2 3 B 5 6 7 FB 9 10 11 B
1 2 3 4 5 B 7 8 9 10 B B 13 14 15 16 17 B
1 2 B B 5 B 7 B B
1 2 3 4 B 6 B 8 9
1 2 3 4 5 6 7 8 B 10 B 12
